1398092740,s1-eth1,0.00,0.00,0.00,0,0,0.00,0.00,0.00,0,0,0.00,0.00,0,0
1398092740,s1-eth2,0.00,0.00,0.00,0,0,0.00,0.00,0.00,0,0,0.00,0.00,0,0
1398092740,s2-eth1,0.00,0.00,0.00,0,0,0.00,0.00,0.00,0,0,0.00,0.00,0,0
1398092740,s2-eth2,0.00,0.00,0.00,0,0,0.00,0.00,0.00,0,0,0.00,0.00,0,0
1398092740,s3-eth1,0.00,0.00,0.00,0,0,0.00,0.00,0.00,0,0,0.00,0.00,0,0
1398092740,s3-eth2,0.00,0.00,0.00,0,0,0.00,0.00,0.00,0,0,0.00,0.00,0,0
1398092740,eth0,0.00,0.00,0.00,0,0,0.00,0.00,0.00,0,0,0.00,0.00,0,0
1398092740,lo,0.00,0.00,0.00,0,0,0.00,0.00,0.00,0,0,0.00,0.00,0,0
1398092740,total,0.00,0.00,0.00,0,0,0.00,0.00,0.00,0,0,0.00,0.00,0,0
1398092741,s1-eth1,1250718.00,31314.00,1282032.00,31314,1250718,829.00,423.00,1252.00,423,829,0.00,0.00,0,0
1398092741,s1-eth2,31314.00,1250718.00,1282032.00,1250718,31314,423.00,829.00,1252.00,829,423,0.00,0.00,0,0
1398092741,s2-eth1,231726.00,9818.00,241544.00,9818,231726,155.00,127.00,282.00,127,155,0.00,0.00,0,0
1398092741,s2-eth2,9818.00,246866.00,256684.00,246866,9818,127.00,165.00,292.00,165,127,0.00,0.00,0,0
1398092741,s3-eth1,249894.00,8106.00,258000.00,8106,249894,167.00,107.00,274.00,107,167,0.00,0.00,0,0
1398092741,s3-eth2,8106.00,256020.00,264126.00,256020,8106,107.00,172.00,279.00,172,107,0.00,0.00,0,0
1398092741,eth0,0.00,0.00,0.00,0,0,0.00,0.00,0.00,0,0,0.00,0.00,0,0
1398092741,lo,2800.00,2800.00,5600.00,2800,2800,33.00,33.00,66.00,33,33,0.00,0.00,0,0
1398092741,total,1784376.00,1805642.00,3590018.00,1805642,1784376,1841.00,1856.00,3697.00,1856,1841,0.00,0.00,0,0
1398092742,s1-eth1,1250648.00,30488.00,1281136.00,30488,1250648,828.00,412.00,1240.00,412,828,0.00,0.00,0,0
1398092742,s1-eth2,30488.00,1250648.00,1281136.00,1250648,30488,412.00,828.00,1240.00,828,412,0.00,0.00,0,0
1398092742,s2-eth1,243838.00,9352.00,253190.00,9352,243838,163.00,122.00,285.00,122,163,0.00,0.00,0,0
1398092742,s2-eth2,9352.00,251408.00,260760.00,251408,9352,122.00,168.00,290.00,168,122,0.00,0.00,0,0
1398092742,s3-eth1,249894.00,8654.00,258548.00,8654,249894,167.00,115.00,282.00,115,167,0.00,0.00,0,0
1398092742,s3-eth2,8654.00,254436.00,263090.00,254436,8654,115.00,170.00,285.00,170,115,0.00,0.00,0,0
1398092742,eth0,0.00,0.00,0.00,0,0,0.00,0.00,0.00,0,0,0.00,0.00,0,0
1398092742,lo,1440.00,1440.00,2880.00,1440,1440,18.00,18.00,36.00,18,18,0.00,0.00,0,0
1398092742,total,1794314.00,1806426.00,3600740.00,1806426,1794314,1825.00,1833.00,3658.00,1833,1825,0.00,0.00,0,0
1398092743,s1-eth1,1250648.00,30488.00,1281136.00,30488,1250648,828.00,412.00,1240.00,412,828,0.00,0.00,0,0
1398092743,s1-eth2,30488.00,1252162.00,1282650.00,1252162,30488,412.00,829.00,1241.00,829,412,0.00,0.00,0,0
1398092743,s2-eth1,219614.00,6916.00,226530.00,6916,219614,147.00,92.00,239.00,92,147,0.00,0.00,0,0
1398092743,s2-eth2,6916.00,227184.00,234100.00,227184,6916,92.00,152.00,244.00,152,92,0.00,0.00,0,0
1398092743,s3-eth1,249984.00,8222.00,258206.00,8222,249984,168.00,109.00,277.00,109,168,0.00,0.00,0,0
1398092743,s3-eth2,8222.00,257554.00,265776.00,257554,8222,109.00,173.00,282.00,173,109,0.00,0.00,0,0
1398092743,eth0,0.00,0.00,0.00,0,0,0.00,0.00,0.00,0,0,0.00,0.00,0,0
1398092743,lo,2016.00,2016.00,4032.00,2016,2016,24.00,24.00,48.00,24,24,0.00,0.00,0,0
1398092743,total,1767888.00,1784542.00,3552430.00,1784542,1767888,1780.00,1791.00,3571.00,1791,1780,0.00,0.00,0,0
1398092744,s1-eth1,1252162.00,30340.00,1282502.00,30340,1252162,829.00,410.00,1239.00,410,829,0.00,0.00,0,0
1398092744,s1-eth2,30340.00,1250648.00,1280988.00,1250648,30340,410.00,828.00,1238.00,828,410,0.00,0.00,0,0
1398092744,s2-eth1,210600.00,6702.00,217302.00,6702,210600,142.00,89.00,231.00,89,142,0.00,0.00,0,0
1398092744,s2-eth2,6702.00,216656.00,223358.00,216656,6702,89.00,146.00,235.00,146,89,0.00,0.00,0,0
1398092744,s3-eth1,249894.00,6630.00,256524.00,6630,249894,167.00,89.00,256.00,89,167,0.00,0.00,0,0
1398092744,s3-eth2,6630.00,251408.00,258038.00,251408,6630,89.00,168.00,257.00,168,89,0.00,0.00,0,0
1398092744,eth0,0.00,0.00,0.00,0,0,0.00,0.00,0.00,0,0,0.00,0.00,0,0
1398092744,lo,1976.00,1976.00,3952.00,1976,1976,24.00,24.00,48.00,24,24,0.00,0.00,0,0
1398092744,total,1758304.00,1764360.00,3522664.00,1764360,1758304,1750.00,1754.00,3504.00,1754,1750,0.00,0.00,0,0
1398092745,s1-eth1,1249558.50,30453.55,1280012.00,30484,1250808,829.17,411.59,1240.76,412,830,0.00,0.00,0,0
1398092745,s1-eth2,30453.55,1249558.50,1280012.00,1250808,30484,411.59,829.17,1240.76,830,412,0.00,0.00,0,0
1398092745,s2-eth1,226957.05,7450.55,234407.59,7458,227184,151.85,98.90,250.75,99,152,0.00,0.00,0,0
1398092745,s2-eth2,7450.55,228469.53,235920.09,228698,7458,98.90,152.85,251.75,153,99,0.00,0.00,0,0
1398092745,s3-eth1,249714.30,6697.30,256411.59,6704,249964,167.83,89.91,257.74,90,168,0.00,0.00,0,0
1398092745,s3-eth2,6697.30,252739.27,259436.58,252992,6704,89.91,169.83,259.74,170,90,0.00,0.00,0,0
1398092745,eth0,0.00,0.00,0.00,0,0,0.00,0.00,0.00,0,0,0.00,0.00,0,0
1398092745,lo,2745.25,2745.25,5490.51,2748,2748,31.97,31.97,63.94,32,32,0.00,0.00,0,0
1398092745,total,1773576.50,1778113.88,3551690.50,1779892,1775350,1781.22,1784.22,3565.43,1786,1783,0.00,0.00,0,0
1398092746,s1-eth1,1250827.25,31048.95,1281876.12,31080,1252078,826.17,419.58,1245.75,420,827,0.00,0.00,0,0
1398092746,s1-eth2,31048.95,1250827.25,1281876.12,1252078,31080,419.58,826.17,1245.75,827,420,0.00,0.00,0,0
1398092746,s2-eth1,40837.16,1604.40,42441.56,1606,40878,26.97,20.98,47.95,21,27,0.00,0.00,0,0
1398092746,s2-eth2,1604.40,43862.14,45466.54,43906,1606,20.98,28.97,49.95,29,21,0.00,0.00,0,0
1398092746,s3-eth1,205698.31,6761.24,212459.55,6768,205904,135.86,89.91,225.77,90,136,0.00,0.00,0,0
1398092746,s3-eth2,6761.24,210235.77,216997.02,210446,6768,89.91,138.86,228.77,139,90,0.00,0.00,0,0
1398092746,eth0,0.00,0.00,0.00,0,0,0.00,0.00,0.00,0,0,0.00,0.00,0,0
1398092746,lo,287.71,287.71,575.42,288,288,3.00,3.00,5.99,3,3,0.00,0.00,0,0
1398092746,total,1537065.00,1544627.38,3081692.50,1546172,1538602,1522.48,1527.47,3049.95,1529,1524,0.00,0.00,0,0
1398092747,s1-eth1,1251518.00,31524.00,1283042.00,31524,1251518,827.00,426.00,1253.00,426,827,0.00,0.00,0,0
1398092747,s1-eth2,31524.00,1251518.00,1283042.00,1251518,31524,426.00,827.00,1253.00,827,426,0.00,0.00,0,0
1398092747,s2-eth1,227100.00,8530.00,235630.00,8530,227100,150.00,113.00,263.00,113,150,0.00,0.00,0,0
1398092747,s2-eth2,8530.00,234670.00,243200.00,234670,8530,113.00,155.00,268.00,155,113,0.00,0.00,0,0
1398092747,s3-eth1,251324.00,9268.00,260592.00,9268,251324,166.00,122.00,288.00,122,166,0.00,0.00,0,0
1398092747,s3-eth2,9268.00,258894.00,268162.00,258894,9268,122.00,171.00,293.00,171,122,0.00,0.00,0,0
1398092747,eth0,0.00,0.00,0.00,0,0,0.00,0.00,0.00,0,0,0.00,0.00,0,0
1398092747,lo,0.00,0.00,0.00,0,0,0.00,0.00,0.00,0,0,0.00,0.00,0,0
1398092747,total,1779264.00,1794404.00,3573668.00,1794404,1779264,1804.00,1814.00,3618.00,1814,1804,0.00,0.00,0,0
1398092748,s1-eth1,1250564.00,30562.00,1281126.00,30562,1250564,826.00,413.00,1239.00,413,826,0.00,0.00,0,0
1398092748,s1-eth2,30562.00,1250564.00,1281126.00,1250564,30562,413.00,826.00,1239.00,826,413,0.00,0.00,0,0
1398092748,s2-eth1,206064.00,7340.00,213404.00,7340,206064,138.00,96.00,234.00,96,138,0.00,0.00,0,0
1398092748,s2-eth2,7340.00,215148.00,222488.00,215148,7340,96.00,144.00,240.00,144,96,0.00,0.00,0,0
1398092748,s3-eth1,249810.00,7422.00,257232.00,7422,249810,165.00,99.00,264.00,99,165,0.00,0.00,0,0
1398092748,s3-eth2,7422.00,252838.00,260260.00,252838,7422,99.00,167.00,266.00,167,99,0.00,0.00,0,0
1398092748,eth0,0.00,0.00,0.00,0,0,0.00,0.00,0.00,0,0,0.00,0.00,0,0
1398092748,lo,824.00,824.00,1648.00,824,824,9.00,9.00,18.00,9,9,0.00,0.00,0,0
1398092748,total,1752586.00,1764698.00,3517284.00,1764698,1752586,1746.00,1754.00,3500.00,1754,1746,0.00,0.00,0,0
1398092749,s1-eth1,1250634.00,30558.00,1281192.00,30558,1250634,827.00,413.00,1240.00,413,827,0.00,0.00,0,0
1398092749,s1-eth2,30558.00,1250634.00,1281192.00,1250634,30558,413.00,827.00,1240.00,827,413,0.00,0.00,0,0
1398092749,s2-eth1,254352.00,10092.00,264444.00,10092,254352,168.00,132.00,300.00,132,168,0.00,0.00,0,0
1398092749,s2-eth2,10092.00,269492.00,279584.00,269492,10092,132.00,178.00,310.00,178,132,0.00,0.00,0,0
1398092749,s3-eth1,207488.00,6136.00,213624.00,6136,207488,138.00,82.00,220.00,82,138,0.00,0.00,0,0
1398092749,s3-eth2,6136.00,210516.00,216652.00,210516,6136,82.00,140.00,222.00,140,82,0.00,0.00,0,0
1398092749,eth0,0.00,0.00,0.00,0,0,0.00,0.00,0.00,0,0,0.00,0.00,0,0
1398092749,lo,1072.00,1072.00,2144.00,1072,1072,12.00,12.00,24.00,12,12,0.00,0.00,0,0
1398092749,total,1760332.00,1778500.00,3538832.00,1778500,1760332,1772.00,1784.00,3556.00,1784,1772,0.00,0.00,0,0
1398092750,s1-eth1,1250564.00,30414.00,1280978.00,30414,1250564,826.00,411.00,1237.00,411,826,0.00,0.00,0,0
1398092750,s1-eth2,30414.00,1250564.00,1280978.00,1250564,30414,411.00,826.00,1237.00,826,411,0.00,0.00,0,0
1398092750,s2-eth1,249852.00,8536.00,258388.00,8536,249852,166.00,114.00,280.00,114,166,0.00,0.00,0,0
1398092750,s2-eth2,8536.00,254394.00,262930.00,254394,8536,114.00,169.00,283.00,169,114,0.00,0.00,0,0
1398092750,s3-eth1,249852.00,10024.00,259876.00,10024,249852,166.00,132.00,298.00,132,166,0.00,0.00,0,0
1398092750,s3-eth2,10024.00,257422.00,267446.00,257422,10024,132.00,171.00,303.00,171,132,0.00,0.00,0,0
1398092750,eth0,0.00,0.00,0.00,0,0,0.00,0.00,0.00,0,0,0.00,0.00,0,0
1398092750,lo,1184.00,1184.00,2368.00,1184,1184,12.00,12.00,24.00,12,12,0.00,0.00,0,0
1398092750,total,1800426.00,1812538.00,3612964.00,1812538,1800426,1827.00,1835.00,3662.00,1835,1827,0.00,0.00,0,0
1398092751,s1-eth1,1250564.00,30562.00,1281126.00,30562,1250564,826.00,413.00,1239.00,413,826,0.00,0.00,0,0
1398092751,s1-eth2,30562.00,1250564.00,1281126.00,1250564,30562,413.00,826.00,1239.00,826,413,0.00,0.00,0,0
1398092751,s2-eth1,192278.00,7012.00,199290.00,7012,192278,127.00,92.00,219.00,92,127,0.00,0.00,0,0
1398092751,s2-eth2,7012.00,195306.00,202318.00,195306,7012,92.00,129.00,221.00,129,92,0.00,0.00,0,0
1398092751,s3-eth1,249810.00,5846.00,255656.00,5846,249810,165.00,79.00,244.00,79,165,0.00,0.00,0,0
1398092751,s3-eth2,5846.00,248296.00,254142.00,248296,5846,79.00,164.00,243.00,164,79,0.00,0.00,0,0
1398092751,eth0,0.00,290.00,290.00,290,0,0.00,2.00,2.00,2,0,0.00,0.00,0,0
1398092751,lo,0.00,0.00,0.00,0,0,0.00,0.00,0.00,0,0,0.00,0.00,0,0
1398092751,total,1736072.00,1737876.00,3473948.00,1737876,1736072,1702.00,1705.00,3407.00,1705,1702,0.00,0.00,0,0
1398092752,s1-eth1,1250564.00,30562.00,1281126.00,30562,1250564,826.00,413.00,1239.00,413,826,0.00,0.00,0,0
1398092752,s1-eth2,30562.00,1250564.00,1281126.00,1250564,30562,413.00,826.00,1239.00,826,413,0.00,0.00,0,0
1398092752,s2-eth1,261922.00,10906.00,272828.00,10906,261922,173.00,143.00,316.00,143,173,0.00,0.00,0,0
1398092752,s2-eth2,10906.00,278576.00,289482.00,278576,10906,143.00,184.00,327.00,184,143,0.00,0.00,0,0
1398092752,s3-eth1,251324.00,8836.00,260160.00,8836,251324,166.00,116.00,282.00,116,166,0.00,0.00,0,0
1398092752,s3-eth2,8836.00,258894.00,267730.00,258894,8836,116.00,171.00,287.00,171,116,0.00,0.00,0,0
1398092752,eth0,0.00,0.00,0.00,0,0,0.00,0.00,0.00,0,0,0.00,0.00,0,0
1398092752,lo,0.00,0.00,0.00,0,0,0.00,0.00,0.00,0,0,0.00,0.00,0,0
1398092752,total,1814114.00,1838338.00,3652452.00,1838338,1814114,1837.00,1853.00,3690.00,1853,1837,0.00,0.00,0,0
1398092753,s1-eth1,1250564.00,30562.00,1281126.00,30562,1250564,826.00,413.00,1239.00,413,826,0.00,0.00,0,0
1398092753,s1-eth2,30562.00,1250564.00,1281126.00,1250564,30562,413.00,826.00,1239.00,826,413,0.00,0.00,0,0
1398092753,s2-eth1,249810.00,9894.00,259704.00,9894,249810,165.00,129.00,294.00,129,165,0.00,0.00,0,0
1398092753,s2-eth2,9894.00,261922.00,271816.00,261922,9894,129.00,173.00,302.00,173,129,0.00,0.00,0,0
1398092753,s3-eth1,249810.00,9416.00,259226.00,9416,249810,165.00,124.00,289.00,124,165,0.00,0.00,0,0
1398092753,s3-eth2,9416.00,258894.00,268310.00,258894,9416,124.00,171.00,295.00,171,124,0.00,0.00,0,0
1398092753,eth0,0.00,0.00,0.00,0,0,0.00,0.00,0.00,0,0,0.00,0.00,0,0
1398092753,lo,172.00,172.00,344.00,172,172,3.00,3.00,6.00,3,3,0.00,0.00,0,0
1398092753,total,1800228.00,1821424.00,3621652.00,1821424,1800228,1825.00,1839.00,3664.00,1839,1825,0.00,0.00,0,0
1398092754,s1-eth1,1250564.00,30562.00,1281126.00,30562,1250564,826.00,413.00,1239.00,413,826,0.00,0.00,0,0
1398092754,s1-eth2,30562.00,1250564.00,1281126.00,1250564,30562,413.00,826.00,1239.00,826,413,0.00,0.00,0,0
1398092754,s2-eth1,249810.00,8192.00,258002.00,8192,249810,165.00,108.00,273.00,108,165,0.00,0.00,0,0
1398092754,s2-eth2,8192.00,258894.00,267086.00,258894,8192,108.00,171.00,279.00,171,108,0.00,0.00,0,0
1398092754,s3-eth1,210446.00,7334.00,217780.00,7334,210446,139.00,97.00,236.00,97,139,0.00,0.00,0,0
1398092754,s3-eth2,7334.00,213474.00,220808.00,213474,7334,97.00,141.00,238.00,141,97,0.00,0.00,0,0
1398092754,eth0,0.00,0.00,0.00,0,0,0.00,0.00,0.00,0,0,0.00,0.00,0,0
1398092754,lo,344.00,344.00,688.00,344,344,6.00,6.00,12.00,6,6,0.00,0.00,0,0
1398092754,total,1757252.00,1769364.00,3526616.00,1769364,1757252,1754.00,1762.00,3516.00,1762,1754,0.00,0.00,0,0
1398092755,s1-eth1,1250827.25,30457.54,1281284.75,30488,1252078,826.17,411.59,1237.76,412,827,0.00,0.00,0,0
1398092755,s1-eth2,30457.54,1250827.25,1281284.75,1252078,30488,411.59,826.17,1237.76,827,412,0.00,0.00,0,0
1398092755,s2-eth1,249810.00,7176.00,256986.00,7176,249810,165.00,96.00,261.00,96,165,0.00,0.00,0,0
1398092755,s2-eth2,7176.00,254352.00,261528.00,254352,7176,96.00,168.00,264.00,168,96,0.00,0.00,0,0
1398092755,s3-eth1,251324.00,6696.00,258020.00,6696,251324,166.00,90.00,256.00,90,166,0.00,0.00,0,0
1398092755,s3-eth2,6696.00,252838.00,259534.00,252838,6696,90.00,167.00,257.00,167,90,0.00,0.00,0,0
1398092755,eth0,0.00,0.00,0.00,0,0,0.00,0.00,0.00,0,0,0.00,0.00,0,0
1398092755,lo,0.00,0.00,0.00,0,0,0.00,0.00,0.00,0,0,0.00,0.00,0,0
1398092755,total,1797572.00,1803628.00,3601200.00,1803628,1797572,1756.00,1760.00,3516.00,1760,1756,0.00,0.00,0,0
1398092756,s1-eth1,1250564.00,30562.00,1281126.00,30562,1250564,826.00,413.00,1239.00,413,826,0.00,0.00,0,0
1398092756,s1-eth2,30562.00,1250564.00,1281126.00,1250564,30562,413.00,826.00,1239.00,826,413,0.00,0.00,0,0
1398092756,s2-eth1,213474.00,6578.00,220052.00,6578,213474,141.00,87.00,228.00,87,141,0.00,0.00,0,0
1398092756,s2-eth2,6578.00,214988.00,221566.00,214988,6578,87.00,142.00,229.00,142,87,0.00,0.00,0,0
1398092756,s3-eth1,249810.00,7914.00,257724.00,7914,249810,165.00,105.00,270.00,105,165,0.00,0.00,0,0
1398092756,s3-eth2,7914.00,255866.00,263780.00,255866,7914,105.00,169.00,274.00,169,105,0.00,0.00,0,0
1398092756,eth0,0.00,282.00,282.00,282,0,0.00,1.00,1.00,1,0,0.00,0.00,0,0
1398092756,lo,0.00,0.00,0.00,0,0,0.00,0.00,0.00,0,0,0.00,0.00,0,0
1398092756,total,1758902.00,1766754.00,3525656.00,1766754,1758902,1737.00,1743.00,3480.00,1743,1737,0.00,0.00,0,0
1398092757,s1-eth1,1250564.00,30562.00,1281126.00,30562,1250564,826.00,413.00,1239.00,413,826,0.00,0.00,0,0
1398092757,s1-eth2,30562.00,1250564.00,1281126.00,1250564,30562,413.00,826.00,1239.00,826,413,0.00,0.00,0,0
1398092757,s2-eth1,239212.00,8382.00,247594.00,8382,239212,158.00,111.00,269.00,111,158,0.00,0.00,0,0
1398092757,s2-eth2,8382.00,248296.00,256678.00,248296,8382,111.00,164.00,275.00,164,111,0.00,0.00,0,0
1398092757,s3-eth1,249810.00,7484.00,257294.00,7484,249810,165.00,100.00,265.00,100,165,0.00,0.00,0,0
1398092757,s3-eth2,7484.00,254352.00,261836.00,254352,7484,100.00,168.00,268.00,168,100,0.00,0.00,0,0
1398092757,eth0,0.00,0.00,0.00,0,0,0.00,0.00,0.00,0,0,0.00,0.00,0,0
1398092757,lo,0.00,0.00,0.00,0,0,0.00,0.00,0.00,0,0,0.00,0.00,0,0
1398092757,total,1786014.00,1799640.00,3585654.00,1799640,1786014,1773.00,1782.00,3555.00,1782,1773,0.00,0.00,0,0
1398092758,s1-eth1,1250564.00,30562.00,1281126.00,30562,1250564,826.00,413.00,1239.00,413,826,0.00,0.00,0,0
1398092758,s1-eth2,30562.00,1250564.00,1281126.00,1250564,30562,413.00,826.00,1239.00,826,413,0.00,0.00,0,0
1398092758,s2-eth1,249810.00,8542.00,258352.00,8542,249810,165.00,113.00,278.00,113,165,0.00,0.00,0,0
1398092758,s2-eth2,8542.00,257380.00,265922.00,257380,8542,113.00,170.00,283.00,170,113,0.00,0.00,0,0
1398092758,s3-eth1,211960.00,6990.00,218950.00,6990,211960,140.00,93.00,233.00,93,140,0.00,0.00,0,0
1398092758,s3-eth2,6990.00,216502.00,223492.00,216502,6990,93.00,143.00,236.00,143,93,0.00,0.00,0,0
1398092758,eth0,0.00,0.00,0.00,0,0,0.00,0.00,0.00,0,0,0.00,0.00,0,0
1398092758,lo,172.00,172.00,344.00,172,172,3.00,3.00,6.00,3,3,0.00,0.00,0,0
1398092758,total,1758600.00,1770712.00,3529312.00,1770712,1758600,1753.00,1761.00,3514.00,1761,1753,0.00,0.00,0,0
1398092759,s1-eth1,1250564.00,30488.00,1281052.00,30488,1250564,826.00,412.00,1238.00,412,826,0.00,0.00,0,0
1398092759,s1-eth2,30488.00,1250564.00,1281052.00,1250564,30488,412.00,826.00,1238.00,826,412,0.00,0.00,0,0
1398092759,s2-eth1,251324.00,6892.00,258216.00,6892,251324,166.00,92.00,258.00,92,166,0.00,0.00,0,0
1398092759,s2-eth2,6892.00,252838.00,259730.00,252838,6892,92.00,167.00,259.00,167,92,0.00,0.00,0,0
1398092759,s3-eth1,251324.00,9846.00,261170.00,9846,251324,166.00,129.00,295.00,129,166,0.00,0.00,0,0
1398092759,s3-eth2,9846.00,258894.00,268740.00,258894,9846,129.00,171.00,300.00,171,129,0.00,0.00,0,0
1398092759,eth0,0.00,0.00,0.00,0,0,0.00,0.00,0.00,0,0,0.00,0.00,0,0
1398092759,lo,344.00,344.00,688.00,344,344,6.00,6.00,12.00,6,6,0.00,0.00,0,0
1398092759,total,1800782.00,1809866.00,3610648.00,1809866,1800782,1797.00,1803.00,3600.00,1803,1797,0.00,0.00,0,0
1398092760,s1-eth2,148.00,239212.00,239360.00,239212,148,2.00,158.00,160.00,158,2,0.00,0.00,0,0
1398092760,s2-eth2,74.00,6048.00,6122.00,6048,74,1.00,4.00,5.00,4,1,0.00,0.00,0,0
1398092760,s3-eth1,239306.00,6486.00,245792.00,6486,239306,159.00,87.00,246.00,87,159,0.00,0.00,0,0
1398092760,s3-eth2,6486.00,240820.00,247306.00,240820,6486,87.00,160.00,247.00,160,87,0.00,0.00,0,0
1398092760,eth0,244.00,132.00,376.00,132,244,2.00,2.00,4.00,2,2,0.00,0.00,0,0
1398092760,lo,336.00,336.00,672.00,336,336,4.00,4.00,8.00,4,4,0.00,0.00,0,0
1398092760,total,18446744073709551616.00,18446744073709551616.00,18446744073709551616.00,18446744073709267179,18446744073680269151,18446744073709533184.00,18446744073709541376.00,18446744073709522944.00,18446744073709541581,18446744073709532317,0.00,0.00,0,0
1398092761,s1-eth2,0.00,1514.00,1514.00,1514,0,0.00,1.00,1.00,1,0,0.00,0.00,0,0
1398092761,s2-eth2,0.00,1514.00,1514.00,1514,0,0.00,1.00,1.00,1,0,0.00,0.00,0,0
1398092761,s3-eth1,249896.00,8430.00,258326.00,8430,249896,166.00,111.00,277.00,111,166,0.00,0.00,0,0
1398092761,s3-eth2,8430.00,254438.00,262868.00,254438,8430,111.00,169.00,280.00,169,111,0.00,0.00,0,0
1398092761,eth0,0.00,0.00,0.00,0,0,0.00,0.00,0.00,0,0,0.00,0.00,0,0
1398092761,lo,0.00,0.00,0.00,0,0,0.00,0.00,0.00,0,0,0.00,0.00,0,0
1398092761,total,258067.94,265630.38,523698.31,265896,258326,276.72,281.72,558.44,282,277,0.00,0.00,0,0
1398092762,s1-eth2,0.00,1504.50,1504.50,1506,0,0.00,1.00,1.00,1,0,0.00,0.00,0,0
1398092762,s2-eth2,0.00,0.00,0.00,0,0,0.00,0.00,0.00,0,0,0.00,0.00,0,0
1398092762,s3-eth1,250441.56,8275.72,258717.30,8284,250692,165.83,109.89,275.72,110,166,0.00,0.00,0,0
1398092762,s3-eth2,8275.72,257972.03,266247.75,258230,8284,109.89,170.83,280.72,171,110,0.00,0.00,0,0
1398092762,eth0,0.00,0.00,0.00,0,0,0.00,0.00,0.00,0,0,0.00,0.00,0,0
1398092762,lo,0.00,0.00,0.00,0,0,0.00,0.00,0.00,0,0,0.00,0.00,0,0
1398092762,total,258976.00,268020.00,526996.00,268020,258976,276.00,282.00,558.00,282,276,0.00,0.00,0,0
1398092763,s1-eth2,0.00,0.00,0.00,0,0,0.00,0.00,0.00,0,0,0.00,0.00,0,0
1398092763,s2-eth2,0.00,1506.00,1506.00,1506,0,0.00,1.00,1.00,1,0,0.00,0.00,0,0
1398092763,s3-eth1,213250.00,6092.00,219342.00,6092,213250,141.00,82.00,223.00,82,141,0.00,0.00,0,0
1398092763,s3-eth2,6092.00,211752.00,217844.00,211752,6092,82.00,140.00,222.00,140,82,0.00,0.00,0,0
1398092763,eth0,90.00,90.00,180.00,90,90,1.00,1.00,2.00,1,1,0.00,0.00,0,0
1398092763,lo,224.00,224.00,448.00,224,224,4.00,4.00,8.00,4,4,0.00,0.00,0,0
1398092763,total,219656.00,219664.00,439320.00,219664,219656,228.00,228.00,456.00,228,228,0.00,0.00,0,0
1398092764,s1-eth2,0.00,0.00,0.00,0,0,0.00,0.00,0.00,0,0,0.00,0.00,0,0
1398092764,s2-eth2,0.00,0.00,0.00,0,0,0.00,0.00,0.00,0,0,0.00,0.00,0,0
1398092764,s3-eth1,168054.00,6852.00,174906.00,6852,168054,111.00,90.00,201.00,90,111,0.00,0.00,0,0
1398092764,s3-eth2,6852.00,178652.00,185504.00,178652,6852,90.00,118.00,208.00,118,90,0.00,0.00,0,0
1398092764,eth0,0.00,290.00,290.00,290,0,0.00,2.00,2.00,2,0,0.00,0.00,0,0
1398092764,lo,396.00,396.00,792.00,396,396,7.00,7.00,14.00,7,7,0.00,0.00,0,0
1398092764,total,175302.00,186190.00,361492.00,186190,175302,208.00,217.00,425.00,217,208,0.00,0.00,0,0
1398092765,s1-eth2,0.00,1506.00,1506.00,1506,0,0.00,1.00,1.00,1,0,0.00,0.00,0,0
1398092765,s2-eth2,0.00,0.00,0.00,0,0,0.00,0.00,0.00,0,0,0.00,0.00,0,0
1398092765,s3-eth1,249810.00,8062.00,257872.00,8062,249810,165.00,107.00,272.00,107,165,0.00,0.00,0,0
1398092765,s3-eth2,8062.00,254352.00,262414.00,254352,8062,107.00,168.00,275.00,168,107,0.00,0.00,0,0
1398092765,eth0,0.00,0.00,0.00,0,0,0.00,0.00,0.00,0,0,0.00,0.00,0,0
1398092765,lo,0.00,0.00,0.00,0,0,0.00,0.00,0.00,0,0,0.00,0.00,0,0
1398092765,total,257872.00,263920.00,521792.00,263920,257872,272.00,276.00,548.00,276,272,0.00,0.00,0,0
1398092766,s1-eth2,0.00,0.00,0.00,0,0,0.00,0.00,0.00,0,0,0.00,0.00,0,0
1398092766,s2-eth2,0.00,0.00,0.00,0,0,0.00,0.00,0.00,0,0,0.00,0.00,0,0
1398092766,s3-eth1,251324.00,7570.00,258894.00,7570,251324,166.00,101.00,267.00,101,166,0.00,0.00,0,0
1398092766,s3-eth2,7570.00,254352.00,261922.00,254352,7570,101.00,168.00,269.00,168,101,0.00,0.00,0,0
1398092766,eth0,0.00,0.00,0.00,0,0,0.00,0.00,0.00,0,0,0.00,0.00,0,0
1398092766,lo,0.00,0.00,0.00,0,0,0.00,0.00,0.00,0,0,0.00,0.00,0,0
1398092766,total,258894.00,261922.00,520816.00,261922,258894,267.00,269.00,536.00,269,267,0.00,0.00,0,0
1398092767,s1-eth2,0.00,0.00,0.00,0,0,0.00,0.00,0.00,0,0,0.00,0.00,0,0
1398092767,s2-eth2,0.00,1506.00,1506.00,1506,0,0.00,1.00,1.00,1,0,0.00,0.00,0,0
1398092767,s3-eth1,249810.00,7496.00,257306.00,7496,249810,165.00,100.00,265.00,100,165,0.00,0.00,0,0
1398092767,s3-eth2,7496.00,252838.00,260334.00,252838,7496,100.00,167.00,267.00,167,100,0.00,0.00,0,0
1398092767,eth0,0.00,290.00,290.00,290,0,0.00,2.00,2.00,2,0,0.00,0.00,0,0
1398092767,lo,0.00,0.00,0.00,0,0,0.00,0.00,0.00,0,0,0.00,0.00,0,0
1398092767,total,257306.00,262130.00,519436.00,262130,257306,265.00,270.00,535.00,270,265,0.00,0.00,0,0
1398092768,s1-eth2,0.00,0.00,0.00,0,0,0.00,0.00,0.00,0,0,0.00,0.00,0,0
1398092768,s2-eth2,0.00,0.00,0.00,0,0,0.00,0.00,0.00,0,0,0.00,0.00,0,0
1398092768,s3-eth1,249810.00,8184.00,257994.00,8184,249810,165.00,108.00,273.00,108,165,0.00,0.00,0,0
1398092768,s3-eth2,8184.00,255866.00,264050.00,255866,8184,108.00,169.00,277.00,169,108,0.00,0.00,0,0
1398092768,eth0,60.00,60.00,120.00,60,60,1.00,1.00,2.00,1,1,0.00,0.00,0,0
1398092768,lo,172.00,172.00,344.00,172,172,3.00,3.00,6.00,3,3,0.00,0.00,0,0
1398092768,total,258226.00,264282.00,522508.00,264282,258226,277.00,281.00,558.00,281,277,0.00,0.00,0,0
1398092769,s1-eth2,0.00,0.00,0.00,0,0,0.00,0.00,0.00,0,0,0.00,0.00,0,0
1398092769,s2-eth2,0.00,0.00,0.00,0,0,0.00,0.00,0.00,0,0,0.00,0.00,0,0
1398092769,s3-eth1,249810.00,8098.00,257908.00,8098,249810,165.00,107.00,272.00,107,165,0.00,0.00,0,0
1398092769,s3-eth2,8098.00,254352.00,262450.00,254352,8098,107.00,168.00,275.00,168,107,0.00,0.00,0,0
1398092769,eth0,0.00,0.00,0.00,0,0,0.00,0.00,0.00,0,0,0.00,0.00,0,0
1398092769,lo,344.00,344.00,688.00,344,344,6.00,6.00,12.00,6,6,0.00,0.00,0,0
1398092769,total,258252.00,262794.00,521046.00,262794,258252,278.00,281.00,559.00,281,278,0.00,0.00,0,0
1398092770,s1-eth2,0.00,0.00,0.00,0,0,0.00,0.00,0.00,0,0,0.00,0.00,0,0
1398092770,s2-eth2,0.00,0.00,0.00,0,0,0.00,0.00,0.00,0,0,0.00,0.00,0,0
1398092770,s3-eth1,251324.00,7300.00,258624.00,7300,251324,166.00,98.00,264.00,98,166,0.00,0.00,0,0
1398092770,s3-eth2,7300.00,252838.00,260138.00,252838,7300,98.00,167.00,265.00,167,98,0.00,0.00,0,0
1398092770,eth0,0.00,0.00,0.00,0,0,0.00,0.00,0.00,0,0,0.00,0.00,0,0
1398092770,lo,0.00,0.00,0.00,0,0,0.00,0.00,0.00,0,0,0.00,0.00,0,0
1398092770,total,258624.00,260138.00,518762.00,260138,258624,264.00,265.00,529.00,265,264,0.00,0.00,0,0
1398092771,s1-eth2,0.00,1506.00,1506.00,1506,0,0.00,1.00,1.00,1,0,0.00,0.00,0,0
1398092771,s2-eth2,0.00,0.00,0.00,0,0,0.00,0.00,0.00,0,0,0.00,0.00,0,0
1398092771,s3-eth1,249810.00,8136.00,257946.00,8136,249810,165.00,108.00,273.00,108,165,0.00,0.00,0,0
1398092771,s3-eth2,8136.00,254352.00,262488.00,254352,8136,108.00,168.00,276.00,168,108,0.00,0.00,0,0
1398092771,eth0,0.00,0.00,0.00,0,0,0.00,0.00,0.00,0,0,0.00,0.00,0,0
1398092771,lo,0.00,0.00,0.00,0,0,0.00,0.00,0.00,0,0,0.00,0.00,0,0
1398092771,total,257946.00,263994.00,521940.00,263994,257946,273.00,277.00,550.00,277,273,0.00,0.00,0,0
1398092772,s1-eth2,0.00,0.00,0.00,0,0,0.00,0.00,0.00,0,0,0.00,0.00,0,0
1398092772,s2-eth2,0.00,0.00,0.00,0,0,0.00,0.00,0.00,0,0,0.00,0.00,0,0
1398092772,s3-eth1,249810.00,8998.00,258808.00,8998,249810,165.00,119.00,284.00,119,165,0.00,0.00,0,0
1398092772,s3-eth2,8998.00,255866.00,264864.00,255866,8998,119.00,169.00,288.00,169,119,0.00,0.00,0,0
1398092772,eth0,0.00,0.00,0.00,0,0,0.00,0.00,0.00,0,0,0.00,0.00,0,0
1398092772,lo,0.00,0.00,0.00,0,0,0.00,0.00,0.00,0,0,0.00,0.00,0,0
1398092772,total,258808.00,264864.00,523672.00,264864,258808,284.00,288.00,572.00,288,284,0.00,0.00,0,0
1398092773,s1-eth2,0.00,0.00,0.00,0,0,0.00,0.00,0.00,0,0,0.00,0.00,0,0
1398092773,s2-eth2,0.00,0.00,0.00,0,0,0.00,0.00,0.00,0,0,0.00,0.00,0,0
1398092773,s3-eth1,249810.00,7410.00,257220.00,7410,249810,165.00,99.00,264.00,99,165,0.00,0.00,0,0
1398092773,s3-eth2,7410.00,254352.00,261762.00,254352,7410,99.00,168.00,267.00,168,99,0.00,0.00,0,0
1398092773,eth0,0.00,0.00,0.00,0,0,0.00,0.00,0.00,0,0,0.00,0.00,0,0
1398092773,lo,172.00,172.00,344.00,172,172,3.00,3.00,6.00,3,3,0.00,0.00,0,0
1398092773,total,257392.00,261934.00,519326.00,261934,257392,267.00,270.00,537.00,270,267,0.00,0.00,0,0
1398092774,s1-eth2,0.00,0.00,0.00,0,0,0.00,0.00,0.00,0,0,0.00,0.00,0,0
1398092774,s2-eth2,0.00,1506.00,1506.00,1506,0,0.00,1.00,1.00,1,0,0.00,0.00,0,0
1398092774,s3-eth1,213474.00,6972.00,220446.00,6972,213474,141.00,92.00,233.00,92,141,0.00,0.00,0,0
1398092774,s3-eth2,6972.00,221044.00,228016.00,221044,6972,92.00,146.00,238.00,146,92,0.00,0.00,0,0
1398092774,eth0,0.00,0.00,0.00,0,0,0.00,0.00,0.00,0,0,0.00,0.00,0,0
1398092774,lo,344.00,344.00,688.00,344,344,6.00,6.00,12.00,6,6,0.00,0.00,0,0
1398092774,total,220790.00,229866.00,450656.00,229866,220790,239.00,245.00,484.00,245,239,0.00,0.00,0,0
1398092775,s1-eth2,0.00,0.00,0.00,0,0,0.00,0.00,0.00,0,0,0.00,0.00,0,0
1398092775,s2-eth2,0.00,0.00,0.00,0,0,0.00,0.00,0.00,0,0,0.00,0.00,0,0
1398092775,s3-eth1,208932.00,6952.00,215884.00,6952,208932,138.00,92.00,230.00,92,138,0.00,0.00,0,0
1398092775,s3-eth2,6952.00,213474.00,220426.00,213474,6952,92.00,141.00,233.00,141,92,0.00,0.00,0,0
1398092775,eth0,0.00,0.00,0.00,0,0,0.00,0.00,0.00,0,0,0.00,0.00,0,0
1398092775,lo,0.00,0.00,0.00,0,0,0.00,0.00,0.00,0,0,0.00,0.00,0,0
1398092775,total,215884.00,220426.00,436310.00,220426,215884,230.00,233.00,463.00,233,230,0.00,0.00,0,0
1398092776,s1-eth2,0.00,0.00,0.00,0,0,0.00,0.00,0.00,0,0,0.00,0.00,0,0
1398092776,s2-eth2,0.00,0.00,0.00,0,0,0.00,0.00,0.00,0,0,0.00,0.00,0,0
1398092776,s3-eth1,249810.00,8026.00,257836.00,8026,249810,165.00,107.00,272.00,107,165,0.00,0.00,0,0
1398092776,s3-eth2,8026.00,254352.00,262378.00,254352,8026,107.00,168.00,275.00,168,107,0.00,0.00,0,0
1398092776,eth0,0.00,0.00,0.00,0,0,0.00,0.00,0.00,0,0,0.00,0.00,0,0
1398092776,lo,0.00,0.00,0.00,0,0,0.00,0.00,0.00,0,0,0.00,0.00,0,0
1398092776,total,257836.00,262378.00,520214.00,262378,257836,272.00,275.00,547.00,275,272,0.00,0.00,0,0
1398092777,s1-eth2,0.00,0.00,0.00,0,0,0.00,0.00,0.00,0,0,0.00,0.00,0,0
1398092777,s2-eth2,0.00,0.00,0.00,0,0,0.00,0.00,0.00,0,0,0.00,0.00,0,0
1398092777,s3-eth1,249810.00,7138.00,256948.00,7138,249810,165.00,95.00,260.00,95,165,0.00,0.00,0,0
1398092777,s3-eth2,7138.00,252838.00,259976.00,252838,7138,95.00,167.00,262.00,167,95,0.00,0.00,0,0
1398092777,eth0,0.00,0.00,0.00,0,0,0.00,0.00,0.00,0,0,0.00,0.00,0,0
1398092777,lo,0.00,0.00,0.00,0,0,0.00,0.00,0.00,0,0,0.00,0.00,0,0
1398092777,total,256948.00,259976.00,516924.00,259976,256948,260.00,262.00,522.00,262,260,0.00,0.00,0,0
1398092778,s1-eth2,0.00,0.00,0.00,0,0,0.00,0.00,0.00,0,0,0.00,0.00,0,0
1398092778,s2-eth2,0.00,0.00,0.00,0,0,0.00,0.00,0.00,0,0,0.00,0.00,0,0
1398092778,s3-eth1,204185.81,6461.54,210647.36,6468,204390,134.87,85.91,220.78,86,135,0.00,0.00,0,0
1398092778,s3-eth2,6461.54,208723.28,215184.83,208932,6468,85.91,137.86,223.78,138,86,0.00,0.00,0,0
1398092778,eth0,0.00,0.00,0.00,0,0,0.00,0.00,0.00,0,0,0.00,0.00,0,0
1398092778,lo,171.83,171.83,343.66,172,172,3.00,3.00,5.99,3,3,0.00,0.00,0,0
1398092778,total,210819.19,215356.66,426175.84,215572,211030,223.78,226.77,450.55,227,224,0.00,0.00,0,0
1398092779,s1-eth2,0.00,0.00,0.00,0,0,0.00,0.00,0.00,0,0,0.00,0.00,0,0
1398092779,s2-eth2,0.00,0.00,0.00,0,0,0.00,0.00,0.00,0,0,0.00,0.00,0,0
1398092779,s3-eth1,222558.00,7158.00,229716.00,7158,222558,147.00,95.00,242.00,95,147,0.00,0.00,0,0
1398092779,s3-eth2,7158.00,231642.00,238800.00,231642,7158,95.00,153.00,248.00,153,95,0.00,0.00,0,0
1398092779,eth0,0.00,0.00,0.00,0,0,0.00,0.00,0.00,0,0,0.00,0.00,0,0
1398092779,lo,344.00,344.00,688.00,344,344,6.00,6.00,12.00,6,6,0.00,0.00,0,0
1398092779,total,230060.00,239144.00,469204.00,239144,230060,248.00,254.00,502.00,254,248,0.00,0.00,0,0
1398092780,s1-eth2,0.00,0.00,0.00,0,0,0.00,0.00,0.00,0,0,0.00,0.00,0,0
1398092780,s2-eth2,0.00,0.00,0.00,0,0,0.00,0.00,0.00,0,0,0.00,0.00,0,0
1398092780,s3-eth1,211960.00,7580.00,219540.00,7580,211960,140.00,100.00,240.00,100,140,0.00,0.00,0,0
1398092780,s3-eth2,7580.00,219530.00,227110.00,219530,7580,100.00,145.00,245.00,145,100,0.00,0.00,0,0
1398092780,eth0,0.00,0.00,0.00,0,0,0.00,0.00,0.00,0,0,0.00,0.00,0,0
1398092780,lo,0.00,0.00,0.00,0,0,0.00,0.00,0.00,0,0,0.00,0.00,0,0
1398092780,total,219540.00,227110.00,446650.00,227110,219540,240.00,245.00,485.00,245,240,0.00,0.00,0,0
1398092781,s1-eth2,0.00,0.00,0.00,0,0,0.00,0.00,0.00,0,0,0.00,0.00,0,0
1398092781,s2-eth2,0.00,0.00,0.00,0,0,0.00,0.00,0.00,0,0,0.00,0.00,0,0
1398092781,s3-eth1,249810.00,8284.00,258094.00,8284,249810,165.00,110.00,275.00,110,165,0.00,0.00,0,0
1398092781,s3-eth2,8284.00,255866.00,264150.00,255866,8284,110.00,169.00,279.00,169,110,0.00,0.00,0,0
1398092781,eth0,0.00,290.00,290.00,290,0,0.00,2.00,2.00,2,0,0.00,0.00,0,0
1398092781,lo,0.00,0.00,0.00,0,0,0.00,0.00,0.00,0,0,0.00,0.00,0,0
1398092781,total,258094.00,264440.00,522534.00,264440,258094,275.00,281.00,556.00,281,275,0.00,0.00,0,0
1398092782,s1-eth2,0.00,0.00,0.00,0,0,0.00,0.00,0.00,0,0,0.00,0.00,0,0
1398092782,s2-eth2,0.00,0.00,0.00,0,0,0.00,0.00,0.00,0,0,0.00,0.00,0,0
1398092782,s3-eth1,249810.00,7766.00,257576.00,7766,249810,165.00,103.00,268.00,103,165,0.00,0.00,0,0
1398092782,s3-eth2,7766.00,252838.00,260604.00,252838,7766,103.00,167.00,270.00,167,103,0.00,0.00,0,0
1398092782,eth0,0.00,0.00,0.00,0,0,0.00,0.00,0.00,0,0,0.00,0.00,0,0
1398092782,lo,0.00,0.00,0.00,0,0,0.00,0.00,0.00,0,0,0.00,0.00,0,0
1398092782,total,257576.00,260604.00,518180.00,260604,257576,268.00,270.00,538.00,270,268,0.00,0.00,0,0
1398092783,s1-eth2,0.00,0.00,0.00,0,0,0.00,0.00,0.00,0,0,0.00,0.00,0,0
1398092783,s2-eth2,0.00,0.00,0.00,0,0,0.00,0.00,0.00,0,0,0.00,0.00,0,0
1398092783,s3-eth1,249810.00,7348.00,257158.00,7348,249810,165.00,98.00,263.00,98,165,0.00,0.00,0,0
1398092783,s3-eth2,7348.00,252838.00,260186.00,252838,7348,98.00,167.00,265.00,167,98,0.00,0.00,0,0
1398092783,eth0,0.00,0.00,0.00,0,0,0.00,0.00,0.00,0,0,0.00,0.00,0,0
1398092783,lo,172.00,172.00,344.00,172,172,3.00,3.00,6.00,3,3,0.00,0.00,0,0
1398092783,total,257330.00,260358.00,517688.00,260358,257330,266.00,268.00,534.00,268,266,0.00,0.00,0,0
1398092784,s1-eth2,0.00,1506.00,1506.00,1506,0,0.00,1.00,1.00,1,0,0.00,0.00,0,0
1398092784,s2-eth2,0.00,0.00,0.00,0,0,0.00,0.00,0.00,0,0,0.00,0.00,0,0
1398092784,s3-eth1,251324.00,7422.00,258746.00,7422,251324,166.00,99.00,265.00,99,166,0.00,0.00,0,0
1398092784,s3-eth2,7422.00,254352.00,261774.00,254352,7422,99.00,168.00,267.00,168,99,0.00,0.00,0,0
1398092784,eth0,0.00,0.00,0.00,0,0,0.00,0.00,0.00,0,0,0.00,0.00,0,0
1398092784,lo,344.00,344.00,688.00,344,344,6.00,6.00,12.00,6,6,0.00,0.00,0,0
1398092784,total,259090.00,263624.00,522714.00,263624,259090,271.00,274.00,545.00,274,271,0.00,0.00,0,0
1398092785,s1-eth2,0.00,0.00,0.00,0,0,0.00,0.00,0.00,0,0,0.00,0.00,0,0
1398092785,s2-eth2,0.00,0.00,0.00,0,0,0.00,0.00,0.00,0,0,0.00,0.00,0,0
1398092785,s3-eth1,249810.00,8320.00,258130.00,8320,249810,165.00,110.00,275.00,110,165,0.00,0.00,0,0
1398092785,s3-eth2,8320.00,257380.00,265700.00,257380,8320,110.00,170.00,280.00,170,110,0.00,0.00,0,0
1398092785,eth0,0.00,0.00,0.00,0,0,0.00,0.00,0.00,0,0,0.00,0.00,0,0
1398092785,lo,0.00,0.00,0.00,0,0,0.00,0.00,0.00,0,0,0.00,0.00,0,0
1398092785,total,258130.00,265700.00,523830.00,265700,258130,275.00,280.00,555.00,280,275,0.00,0.00,0,0
1398092786,s1-eth2,0.00,0.00,0.00,0,0,0.00,0.00,0.00,0,0,0.00,0.00,0,0
1398092786,s2-eth2,0.00,0.00,0.00,0,0,0.00,0.00,0.00,0,0,0.00,0.00,0,0
1398092786,s3-eth1,210446.00,5906.00,216352.00,5906,210446,139.00,79.00,218.00,79,139,0.00,0.00,0,0
1398092786,s3-eth2,5906.00,211960.00,217866.00,211960,5906,79.00,140.00,219.00,140,79,0.00,0.00,0,0
1398092786,eth0,0.00,0.00,0.00,0,0,0.00,0.00,0.00,0,0,0.00,0.00,0,0
1398092786,lo,0.00,0.00,0.00,0,0,0.00,0.00,0.00,0,0,0.00,0.00,0,0
1398092786,total,216352.00,217866.00,434218.00,217866,216352,218.00,219.00,437.00,219,218,0.00,0.00,0,0
1398092787,s1-eth2,0.00,0.00,0.00,0,0,0.00,0.00,0.00,0,0,0.00,0.00,0,0
1398092787,s2-eth2,0.00,0.00,0.00,0,0,0.00,0.00,0.00,0,0,0.00,0.00,0,0
1398092787,s3-eth1,249810.00,6942.00,256752.00,6942,249810,165.00,93.00,258.00,93,165,0.00,0.00,0,0
1398092787,s3-eth2,6942.00,252838.00,259780.00,252838,6942,93.00,167.00,260.00,167,93,0.00,0.00,0,0
1398092787,eth0,0.00,282.00,282.00,282,0,0.00,1.00,1.00,1,0,0.00,0.00,0,0
1398092787,lo,0.00,0.00,0.00,0,0,0.00,0.00,0.00,0,0,0.00,0.00,0,0
1398092787,total,256752.00,260062.00,516814.00,260062,256752,258.00,261.00,519.00,261,258,0.00,0.00,0,0
1398092788,s1-eth2,0.00,0.00,0.00,0,0,0.00,0.00,0.00,0,0,0.00,0.00,0,0
1398092788,s2-eth2,0.00,0.00,0.00,0,0,0.00,0.00,0.00,0,0,0.00,0.00,0,0
1398092788,s3-eth1,212002.00,8250.00,220252.00,8250,212002,141.00,109.00,250.00,109,141,0.00,0.00,0,0
1398092788,s3-eth2,8250.00,218058.00,226308.00,218058,8250,109.00,145.00,254.00,145,109,0.00,0.00,0,0
1398092788,eth0,0.00,0.00,0.00,0,0,0.00,0.00,0.00,0,0,0.00,0.00,0,0
1398092788,lo,172.00,172.00,344.00,172,172,3.00,3.00,6.00,3,3,0.00,0.00,0,0
1398092788,total,220424.00,226480.00,446904.00,226480,220424,253.00,257.00,510.00,257,253,0.00,0.00,0,0
1398092789,s1-eth2,0.00,0.00,0.00,0,0,0.00,0.00,0.00,0,0,0.00,0.00,0,0
1398092789,s2-eth2,0.00,1504.50,1504.50,1506,0,0.00,1.00,1.00,1,0,0.00,0.00,0,0
1398092789,s3-eth1,228385.62,7314.69,235700.31,7322,228614,150.85,96.90,247.75,97,151,0.00,0.00,0,0
1398092789,s3-eth2,7314.69,232923.08,240237.77,233156,7322,96.90,153.85,250.75,154,97,0.00,0.00,0,0
1398092789,eth0,0.00,0.00,0.00,0,0,0.00,0.00,0.00,0,0,0.00,0.00,0,0
1398092789,lo,343.66,343.66,687.31,344,344,5.99,5.99,11.99,6,6,0.00,0.00,0,0
1398092789,total,236043.97,242085.92,478129.88,242328,236280,253.75,257.74,511.49,258,254,0.00,0.00,0,0
1398092790,s1-eth1,0.00,0.00,0.00,0,0,0.00,0.00,0.00,0,0,0.00,0.00,0,0
1398092790,s1-eth2,0.00,0.00,0.00,0,0,0.00,0.00,0.00,0,0,0.00,0.00,0,0
1398092790,s2-eth2,0.00,0.00,0.00,0,0,0.00,0.00,0.00,0,0,0.00,0.00,0,0
1398092790,s3-eth1,251324.00,6068.00,257392.00,6068,251324,166.00,82.00,248.00,82,166,0.00,0.00,0,0
1398092790,s3-eth2,6068.00,252838.00,258906.00,252838,6068,82.00,167.00,249.00,167,82,0.00,0.00,0,0
1398092790,eth0,244.00,132.00,376.00,132,244,2.00,2.00,4.00,2,2,0.00,0.00,0,0
1398092790,lo,284.00,284.00,568.00,284,284,3.00,3.00,6.00,3,3,0.00,0.00,0,0
1398092790,total,25283278.00,876614.00,26159892.00,876614,25283278,16812.00,8594.00,25406.00,8594,16812,0.00,0.00,0,0
1398092791,s1-eth1,0.00,0.00,0.00,0,0,0.00,0.00,0.00,0,0,0.00,0.00,0,0
1398092791,s1-eth2,0.00,0.00,0.00,0,0,0.00,0.00,0.00,0,0,0.00,0.00,0,0
1398092791,s2-eth2,0.00,0.00,0.00,0,0,0.00,0.00,0.00,0,0,0.00,0.00,0,0
1398092791,s3-eth1,249810.00,9010.00,258820.00,9010,249810,165.00,119.00,284.00,119,165,0.00,0.00,0,0
1398092791,s3-eth2,9010.00,254352.00,263362.00,254352,9010,119.00,168.00,287.00,168,119,0.00,0.00,0,0
1398092791,eth0,0.00,0.00,0.00,0,0,0.00,0.00,0.00,0,0,0.00,0.00,0,0
1398092791,lo,0.00,0.00,0.00,0,0,0.00,0.00,0.00,0,0,0.00,0.00,0,0
1398092791,total,258820.00,263362.00,522182.00,263362,258820,284.00,287.00,571.00,287,284,0.00,0.00,0,0
1398092792,s1-eth1,0.00,0.00,0.00,0,0,0.00,0.00,0.00,0,0,0.00,0.00,0,0
1398092792,s1-eth2,0.00,0.00,0.00,0,0,0.00,0.00,0.00,0,0,0.00,0.00,0,0
1398092792,s2-eth2,0.00,0.00,0.00,0,0,0.00,0.00,0.00,0,0,0.00,0.00,0,0
1398092792,s3-eth1,249810.00,6794.00,256604.00,6794,249810,165.00,91.00,256.00,91,165,0.00,0.00,0,0
1398092792,s3-eth2,6794.00,252838.00,259632.00,252838,6794,91.00,167.00,258.00,167,91,0.00,0.00,0,0
1398092792,eth0,0.00,0.00,0.00,0,0,0.00,0.00,0.00,0,0,0.00,0.00,0,0
1398092792,lo,0.00,0.00,0.00,0,0,0.00,0.00,0.00,0,0,0.00,0.00,0,0
1398092792,total,256604.00,259632.00,516236.00,259632,256604,256.00,258.00,514.00,258,256,0.00,0.00,0,0
1398092793,s1-eth1,0.00,0.00,0.00,0,0,0.00,0.00,0.00,0,0,0.00,0.00,0,0
1398092793,s1-eth2,0.00,0.00,0.00,0,0,0.00,0.00,0.00,0,0,0.00,0.00,0,0
1398092793,s2-eth2,0.00,0.00,0.00,0,0,0.00,0.00,0.00,0,0,0.00,0.00,0,0
1398092793,s3-eth1,211960.00,7138.00,219098.00,7138,211960,140.00,95.00,235.00,95,140,0.00,0.00,0,0
1398092793,s3-eth2,7138.00,214988.00,222126.00,214988,7138,95.00,142.00,237.00,142,95,0.00,0.00,0,0
1398092793,eth0,0.00,0.00,0.00,0,0,0.00,0.00,0.00,0,0,0.00,0.00,0,0
1398092793,lo,172.00,172.00,344.00,172,172,3.00,3.00,6.00,3,3,0.00,0.00,0,0
1398092793,total,219270.00,222298.00,441568.00,222298,219270,238.00,240.00,478.00,240,238,0.00,0.00,0,0
1398092794,s1-eth1,0.00,0.00,0.00,0,0,0.00,0.00,0.00,0,0,0.00,0.00,0,0
1398092794,s1-eth2,0.00,0.00,0.00,0,0,0.00,0.00,0.00,0,0,0.00,0.00,0,0
1398092794,s2-eth2,0.00,42.00,42.00,42,0,0.00,1.00,1.00,1,0,0.00,0.00,0,0
1398092794,s3-eth1,249810.00,7570.00,257380.00,7570,249810,165.00,101.00,266.00,101,165,0.00,0.00,0,0
1398092794,s3-eth2,7570.00,252838.00,260408.00,252838,7570,101.00,167.00,268.00,167,101,0.00,0.00,0,0
1398092794,eth0,0.00,290.00,290.00,290,0,0.00,2.00,2.00,2,0,0.00,0.00,0,0
1398092794,lo,468.00,468.00,936.00,468,468,6.00,6.00,12.00,6,6,0.00,0.00,0,0
1398092794,total,257848.00,261208.00,519056.00,261208,257848,272.00,277.00,549.00,277,272,0.00,0.00,0,0
1398092795,s1-eth1,0.00,0.00,0.00,0,0,0.00,0.00,0.00,0,0,0.00,0.00,0,0
1398092795,s1-eth2,0.00,0.00,0.00,0,0,0.00,0.00,0.00,0,0,0.00,0.00,0,0
1398092795,s2-eth2,0.00,42.00,42.00,42,0,0.00,1.00,1.00,1,0,0.00,0.00,0,0
1398092795,s3-eth1,249810.00,9194.00,259004.00,9194,249810,165.00,121.00,286.00,121,165,0.00,0.00,0,0
1398092795,s3-eth2,9194.00,260408.00,269602.00,260408,9194,121.00,172.00,293.00,172,121,0.00,0.00,0,0
1398092795,eth0,60.00,60.00,120.00,60,60,1.00,1.00,2.00,1,1,0.00,0.00,0,0
1398092795,lo,0.00,0.00,0.00,0,0,0.00,0.00,0.00,0,0,0.00,0.00,0,0
1398092795,total,259064.00,269704.00,528768.00,269704,259064,287.00,295.00,582.00,295,287,0.00,0.00,0,0
1398092796,s1-eth1,0.00,0.00,0.00,0,0,0.00,0.00,0.00,0,0,0.00,0.00,0,0
1398092796,s1-eth2,0.00,0.00,0.00,0,0,0.00,0.00,0.00,0,0,0.00,0.00,0,0
1398092796,s2-eth2,0.00,42.00,42.00,42,0,0.00,1.00,1.00,1,0,0.00,0.00,0,0
1398092796,s3-eth1,249810.00,9194.00,259004.00,9194,249810,165.00,121.00,286.00,121,165,0.00,0.00,0,0
1398092796,s3-eth2,9194.00,257380.00,266574.00,257380,9194,121.00,170.00,291.00,170,121,0.00,0.00,0,0
1398092796,eth0,0.00,0.00,0.00,0,0,0.00,0.00,0.00,0,0,0.00,0.00,0,0
1398092796,lo,0.00,0.00,0.00,0,0,0.00,0.00,0.00,0,0,0.00,0.00,0,0
1398092796,total,259004.00,266616.00,525620.00,266616,259004,286.00,292.00,578.00,292,286,0.00,0.00,0,0
1398092797,s1-eth1,0.00,0.00,0.00,0,0,0.00,0.00,0.00,0,0,0.00,0.00,0,0
1398092797,s1-eth2,0.00,0.00,0.00,0,0,0.00,0.00,0.00,0,0,0.00,0.00,0,0
1398092797,s2-eth2,0.00,0.00,0.00,0,0,0.00,0.00,0.00,0,0,0.00,0.00,0,0
1398092797,s3-eth1,251324.00,8924.00,260248.00,8924,251324,166.00,118.00,284.00,118,166,0.00,0.00,0,0
1398092797,s3-eth2,8924.00,258894.00,267818.00,258894,8924,118.00,171.00,289.00,171,118,0.00,0.00,0,0
1398092797,eth0,0.00,290.00,290.00,290,0,0.00,2.00,2.00,2,0,0.00,0.00,0,0
1398092797,lo,0.00,0.00,0.00,0,0,0.00,0.00,0.00,0,0,0.00,0.00,0,0
1398092797,total,260248.00,268108.00,528356.00,268108,260248,284.00,291.00,575.00,291,284,0.00,0.00,0,0
1398092798,s1-eth1,0.00,0.00,0.00,0,0,0.00,0.00,0.00,0,0,0.00,0.00,0,0
1398092798,s1-eth2,0.00,0.00,0.00,0,0,0.00,0.00,0.00,0,0,0.00,0.00,0,0
1398092798,s2-eth2,0.00,0.00,0.00,0,0,0.00,0.00,0.00,0,0,0.00,0.00,0,0
1398092798,s3-eth1,210446.00,8134.00,218580.00,8134,210446,139.00,107.00,246.00,107,139,0.00,0.00,0,0
1398092798,s3-eth2,8134.00,216502.00,224636.00,216502,8134,107.00,143.00,250.00,143,107,0.00,0.00,0,0
1398092798,eth0,0.00,0.00,0.00,0,0,0.00,0.00,0.00,0,0,0.00,0.00,0,0
1398092798,lo,344.00,344.00,688.00,344,344,6.00,6.00,12.00,6,6,0.00,0.00,0,0
1398092798,total,218924.00,224980.00,443904.00,224980,218924,252.00,256.00,508.00,256,252,0.00,0.00,0,0
1398092799,s1-eth1,0.00,0.00,0.00,0,0,0.00,0.00,0.00,0,0,0.00,0.00,0,0
1398092799,s1-eth2,0.00,0.00,0.00,0,0,0.00,0.00,0.00,0,0,0.00,0.00,0,0
1398092799,s2-eth2,0.00,0.00,0.00,0,0,0.00,0.00,0.00,0,0,0.00,0.00,0,0
1398092799,s3-eth1,249810.00,7840.00,257650.00,7840,249810,165.00,104.00,269.00,104,165,0.00,0.00,0,0
1398092799,s3-eth2,7840.00,254352.00,262192.00,254352,7840,104.00,168.00,272.00,168,104,0.00,0.00,0,0
1398092799,eth0,0.00,0.00,0.00,0,0,0.00,0.00,0.00,0,0,0.00,0.00,0,0
1398092799,lo,172.00,172.00,344.00,172,172,3.00,3.00,6.00,3,3,0.00,0.00,0,0
1398092799,total,257822.00,262364.00,520186.00,262364,257822,272.00,275.00,547.00,275,272,0.00,0.00,0,0
1398092800,s1-eth1,0.00,0.00,0.00,0,0,0.00,0.00,0.00,0,0,0.00,0.00,0,0
1398092800,s1-eth2,0.00,0.00,0.00,0,0,0.00,0.00,0.00,0,0,0.00,0.00,0,0
1398092800,s2-eth1,0.00,0.00,0.00,0,0,0.00,0.00,0.00,0,0,0.00,0.00,0,0
1398092800,s2-eth2,0.00,0.00,0.00,0,0,0.00,0.00,0.00,0,0,0.00,0.00,0,0
1398092800,s3-eth1,251324.00,9368.00,260692.00,9368,251324,166.00,124.00,290.00,124,166,0.00,0.00,0,0
1398092800,s3-eth2,9368.00,255866.00,265234.00,255866,9368,124.00,169.00,293.00,169,124,0.00,0.00,0,0
1398092800,eth0,130.00,66.00,196.00,66,130,1.00,1.00,2.00,1,1,0.00,0.00,0,0
1398092800,lo,284.00,284.00,568.00,284,284,3.00,3.00,6.00,3,3,0.00,0.00,0,0
1398092800,total,4778432.00,425984.00,5204416.00,425984,4778432,3297.00,2409.00,5706.00,2409,3297,0.00,0.00,0,0
1398092801,s1-eth1,0.00,0.00,0.00,0,0,0.00,0.00,0.00,0,0,0.00,0.00,0,0
1398092801,s1-eth2,0.00,0.00,0.00,0,0,0.00,0.00,0.00,0,0,0.00,0.00,0,0
1398092801,s2-eth1,0.00,0.00,0.00,0,0,0.00,0.00,0.00,0,0,0.00,0.00,0,0
1398092801,s2-eth2,0.00,0.00,0.00,0,0,0.00,0.00,0.00,0,0,0.00,0.00,0,0
1398092801,s3-eth1,211960.00,6928.00,218888.00,6928,211960,140.00,92.00,232.00,92,140,0.00,0.00,0,0
1398092801,s3-eth2,6928.00,216502.00,223430.00,216502,6928,92.00,143.00,235.00,143,92,0.00,0.00,0,0
1398092801,eth0,0.00,0.00,0.00,0,0,0.00,0.00,0.00,0,0,0.00,0.00,0,0
1398092801,lo,0.00,0.00,0.00,0,0,0.00,0.00,0.00,0,0,0.00,0.00,0,0
1398092801,total,218888.00,223430.00,442318.00,223430,218888,232.00,235.00,467.00,235,232,0.00,0.00,0,0
1398092802,s1-eth1,0.00,0.00,0.00,0,0,0.00,0.00,0.00,0,0,0.00,0.00,0,0
1398092802,s1-eth2,0.00,0.00,0.00,0,0,0.00,0.00,0.00,0,0,0.00,0.00,0,0
1398092802,s2-eth1,0.00,0.00,0.00,0,0,0.00,0.00,0.00,0,0,0.00,0.00,0,0
1398092802,s2-eth2,0.00,0.00,0.00,0,0,0.00,0.00,0.00,0,0,0.00,0.00,0,0
1398092802,s3-eth1,249810.00,8358.00,258168.00,8358,249810,165.00,111.00,276.00,111,165,0.00,0.00,0,0
1398092802,s3-eth2,8358.00,254352.00,262710.00,254352,8358,111.00,168.00,279.00,168,111,0.00,0.00,0,0
1398092802,eth0,0.00,0.00,0.00,0,0,0.00,0.00,0.00,0,0,0.00,0.00,0,0
1398092802,lo,0.00,0.00,0.00,0,0,0.00,0.00,0.00,0,0,0.00,0.00,0,0
1398092802,total,258168.00,262710.00,520878.00,262710,258168,276.00,279.00,555.00,279,276,0.00,0.00,0,0
1398092803,s1-eth1,0.00,0.00,0.00,0,0,0.00,0.00,0.00,0,0,0.00,0.00,0,0
1398092803,s1-eth2,0.00,0.00,0.00,0,0,0.00,0.00,0.00,0,0,0.00,0.00,0,0
1398092803,s2-eth1,0.00,0.00,0.00,0,0,0.00,0.00,0.00,0,0,0.00,0.00,0,0
1398092803,s2-eth2,0.00,0.00,0.00,0,0,0.00,0.00,0.00,0,0,0.00,0.00,0,0
1398092803,s3-eth1,213260.75,7776.22,221036.97,7784,213474,140.86,101.90,242.76,102,141,0.00,0.00,0,0
1398092803,s3-eth2,7776.22,220823.19,228599.41,221044,7784,101.90,145.85,247.75,146,102,0.00,0.00,0,0
1398092803,eth0,0.00,0.00,0.00,0,0,0.00,0.00,0.00,0,0,0.00,0.00,0,0
1398092803,lo,343.66,343.66,687.31,344,344,5.99,5.99,11.99,6,6,0.00,0.00,0,0
1398092803,total,221380.62,228943.06,450323.69,229172,221602,248.75,253.75,502.50,254,249,0.00,0.00,0,0
1398092804,s1-eth1,0.00,0.00,0.00,0,0,0.00,0.00,0.00,0,0,0.00,0.00,0,0
1398092804,s1-eth2,0.00,0.00,0.00,0,0,0.00,0.00,0.00,0,0,0.00,0.00,0,0
1398092804,s2-eth1,0.00,0.00,0.00,0,0,0.00,0.00,0.00,0,0,0.00,0.00,0,0
1398092804,s2-eth2,0.00,0.00,0.00,0,0,0.00,0.00,0.00,0,0,0.00,0.00,0,0
1398092804,s3-eth1,249810.00,7828.00,257638.00,7828,249810,165.00,104.00,269.00,104,165,0.00,0.00,0,0
1398092804,s3-eth2,7828.00,255866.00,263694.00,255866,7828,104.00,169.00,273.00,169,104,0.00,0.00,0,0
1398092804,eth0,0.00,0.00,0.00,0,0,0.00,0.00,0.00,0,0,0.00,0.00,0,0
1398092804,lo,172.00,172.00,344.00,172,172,3.00,3.00,6.00,3,3,0.00,0.00,0,0
1398092804,total,257810.00,263866.00,521676.00,263866,257810,272.00,276.00,548.00,276,272,0.00,0.00,0,0
1398092805,s1-eth1,0.00,0.00,0.00,0,0,0.00,0.00,0.00,0,0,0.00,0.00,0,0
1398092805,s1-eth2,0.00,0.00,0.00,0,0,0.00,0.00,0.00,0,0,0.00,0.00,0,0
1398092805,s2-eth1,0.00,0.00,0.00,0,0,0.00,0.00,0.00,0,0,0.00,0.00,0,0
1398092805,s2-eth2,0.00,0.00,0.00,0,0,0.00,0.00,0.00,0,0,0.00,0.00,0,0
1398092805,s3-eth1,222558.00,6412.00,228970.00,6412,222558,147.00,86.00,233.00,86,147,0.00,0.00,0,0
1398092805,s3-eth2,6412.00,222558.00,228970.00,222558,6412,86.00,147.00,233.00,147,86,0.00,0.00,0,0
1398092805,eth0,0.00,0.00,0.00,0,0,0.00,0.00,0.00,0,0,0.00,0.00,0,0
1398092805,lo,0.00,0.00,0.00,0,0,0.00,0.00,0.00,0,0,0.00,0.00,0,0
1398092805,total,228970.00,228970.00,457940.00,228970,228970,233.00,233.00,466.00,233,233,0.00,0.00,0,0
1398092806,s1-eth1,0.00,0.00,0.00,0,0,0.00,0.00,0.00,0,0,0.00,0.00,0,0
1398092806,s1-eth2,0.00,0.00,0.00,0,0,0.00,0.00,0.00,0,0,0.00,0.00,0,0
1398092806,s2-eth1,0.00,0.00,0.00,0,0,0.00,0.00,0.00,0,0,0.00,0.00,0,0
1398092806,s2-eth2,0.00,0.00,0.00,0,0,0.00,0.00,0.00,0,0,0.00,0.00,0,0
1398092806,s3-eth1,201362.00,6404.00,207766.00,6404,201362,133.00,84.00,217.00,84,133,0.00,0.00,0,0
1398092806,s3-eth2,6404.00,207418.00,213822.00,207418,6404,84.00,137.00,221.00,137,84,0.00,0.00,0,0
1398092806,eth0,90.00,90.00,180.00,90,90,1.00,1.00,2.00,1,1,0.00,0.00,0,0
1398092806,lo,0.00,0.00,0.00,0,0,0.00,0.00,0.00,0,0,0.00,0.00,0,0
1398092806,total,207856.00,213912.00,421768.00,213912,207856,218.00,222.00,440.00,222,218,0.00,0.00,0,0
1398092807,s1-eth1,0.00,0.00,0.00,0,0,0.00,0.00,0.00,0,0,0.00,0.00,0,0
1398092807,s1-eth2,0.00,0.00,0.00,0,0,0.00,0.00,0.00,0,0,0.00,0.00,0,0
1398092807,s2-eth1,0.00,0.00,0.00,0,0,0.00,0.00,0.00,0,0,0.00,0.00,0,0
1398092807,s2-eth2,0.00,0.00,0.00,0,0,0.00,0.00,0.00,0,0,0.00,0.00,0,0
1398092807,s3-eth1,218016.00,6714.00,224730.00,6714,218016,144.00,89.00,233.00,89,144,0.00,0.00,0,0
1398092807,s3-eth2,6714.00,221044.00,227758.00,221044,6714,89.00,146.00,235.00,146,89,0.00,0.00,0,0
1398092807,eth0,0.00,0.00,0.00,0,0,0.00,0.00,0.00,0,0,0.00,0.00,0,0
1398092807,lo,0.00,0.00,0.00,0,0,0.00,0.00,0.00,0,0,0.00,0.00,0,0
1398092807,total,224730.00,227758.00,452488.00,227758,224730,233.00,235.00,468.00,235,233,0.00,0.00,0,0
1398092808,s1-eth1,145378.00,4198.00,149576.00,4198,145378,97.00,57.00,154.00,57,97,0.00,0.00,0,0
1398092808,s1-eth2,4198.00,145378.00,149576.00,145378,4198,57.00,97.00,154.00,97,57,0.00,0.00,0,0
1398092808,s2-eth1,0.00,0.00,0.00,0,0,0.00,0.00,0.00,0,0,0.00,0.00,0,0
1398092808,s2-eth2,0.00,0.00,0.00,0,0,0.00,0.00,0.00,0,0,0.00,0.00,0,0
1398092808,s3-eth1,243754.00,8444.00,252198.00,8444,243754,161.00,112.00,273.00,112,161,0.00,0.00,0,0
1398092808,s3-eth2,8444.00,252838.00,261282.00,252838,8444,112.00,167.00,279.00,167,112,0.00,0.00,0,0
1398092808,eth0,0.00,0.00,0.00,0,0,0.00,0.00,0.00,0,0,0.00,0.00,0,0
1398092808,lo,880.00,880.00,1760.00,880,880,12.00,12.00,24.00,12,12,0.00,0.00,0,0
1398092808,total,402654.00,411738.00,814392.00,411738,402654,439.00,445.00,884.00,445,439,0.00,0.00,0,0
1398092809,s1-eth1,1250564.00,30562.00,1281126.00,30562,1250564,826.00,413.00,1239.00,413,826,0.00,0.00,0,0
1398092809,s1-eth2,30562.00,1250564.00,1281126.00,1250564,30562,413.00,826.00,1239.00,826,413,0.00,0.00,0,0
1398092809,s2-eth1,0.00,0.00,0.00,0,0,0.00,0.00,0.00,0,0,0.00,0.00,0,0
1398092809,s2-eth2,0.00,0.00,0.00,0,0,0.00,0.00,0.00,0,0,0.00,0.00,0,0
1398092809,s3-eth1,249810.00,9128.00,258938.00,9128,249810,165.00,120.00,285.00,120,165,0.00,0.00,0,0
1398092809,s3-eth2,9128.00,260408.00,269536.00,260408,9128,120.00,172.00,292.00,172,120,0.00,0.00,0,0
1398092809,eth0,0.00,0.00,0.00,0,0,0.00,0.00,0.00,0,0,0.00,0.00,0,0
1398092809,lo,172.00,172.00,344.00,172,172,3.00,3.00,6.00,3,3,0.00,0.00,0,0
1398092809,total,1540236.00,1550834.00,3091070.00,1550834,1540236,1527.00,1534.00,3061.00,1534,1527,0.00,0.00,0,0
1398092810,s1-eth1,1250564.00,30562.00,1281126.00,30562,1250564,826.00,413.00,1239.00,413,826,0.00,0.00,0,0
1398092810,s1-eth2,30562.00,1250564.00,1281126.00,1250564,30562,413.00,826.00,1239.00,826,413,0.00,0.00,0,0
1398092810,s2-eth1,0.00,0.00,0.00,0,0,0.00,0.00,0.00,0,0,0.00,0.00,0,0
1398092810,s2-eth2,0.00,0.00,0.00,0,0,0.00,0.00,0.00,0,0,0.00,0.00,0,0
1398092810,s3-eth1,211960.00,8060.00,220020.00,8060,211960,140.00,106.00,246.00,106,140,0.00,0.00,0,0
1398092810,s3-eth2,8060.00,218016.00,226076.00,218016,8060,106.00,144.00,250.00,144,106,0.00,0.00,0,0
1398092810,eth0,0.00,0.00,0.00,0,0,0.00,0.00,0.00,0,0,0.00,0.00,0,0
1398092810,lo,0.00,0.00,0.00,0,0,0.00,0.00,0.00,0,0,0.00,0.00,0,0
1398092810,total,1501146.00,1507202.00,3008348.00,1507202,1501146,1485.00,1489.00,2974.00,1489,1485,0.00,0.00,0,0
1398092811,s1-eth1,1252078.00,30562.00,1282640.00,30562,1252078,827.00,413.00,1240.00,413,827,0.00,0.00,0,0
1398092811,s1-eth2,30562.00,1252078.00,1282640.00,1252078,30562,413.00,827.00,1240.00,827,413,0.00,0.00,0,0
1398092811,s2-eth1,0.00,0.00,0.00,0,0,0.00,0.00,0.00,0,0,0.00,0.00,0,0
1398092811,s2-eth2,0.00,0.00,0.00,0,0,0.00,0.00,0.00,0,0,0.00,0.00,0,0
1398092811,s3-eth1,205904.00,5274.00,211178.00,5274,205904,136.00,71.00,207.00,71,136,0.00,0.00,0,0
1398092811,s3-eth2,5274.00,202876.00,208150.00,202876,5274,71.00,134.00,205.00,134,71,0.00,0.00,0,0
1398092811,eth0,60.00,350.00,410.00,350,60,1.00,3.00,4.00,3,1,0.00,0.00,0,0
1398092811,lo,0.00,0.00,0.00,0,0,0.00,0.00,0.00,0,0,0.00,0.00,0,0
1398092811,total,1493878.00,1491140.00,2985018.00,1491140,1493878,1448.00,1448.00,2896.00,1448,1448,0.00,0.00,0,0
1398092812,s1-eth1,1250564.00,30562.00,1281126.00,30562,1250564,826.00,413.00,1239.00,413,826,0.00,0.00,0,0
1398092812,s1-eth2,30562.00,1250564.00,1281126.00,1250564,30562,413.00,826.00,1239.00,826,413,0.00,0.00,0,0
1398092812,s2-eth1,0.00,0.00,0.00,0,0,0.00,0.00,0.00,0,0,0.00,0.00,0,0
1398092812,s2-eth2,0.00,0.00,0.00,0,0,0.00,0.00,0.00,0,0,0.00,0.00,0,0
1398092812,s3-eth1,255866.00,8136.00,264002.00,8136,255866,169.00,108.00,277.00,108,169,0.00,0.00,0,0
1398092812,s3-eth2,8136.00,263436.00,271572.00,263436,8136,108.00,174.00,282.00,174,108,0.00,0.00,0,0
1398092812,eth0,0.00,0.00,0.00,0,0,0.00,0.00,0.00,0,0,0.00,0.00,0,0
1398092812,lo,0.00,0.00,0.00,0,0,0.00,0.00,0.00,0,0,0.00,0.00,0,0
1398092812,total,1545128.00,1552698.00,3097826.00,1552698,1545128,1516.00,1521.00,3037.00,1521,1516,0.00,0.00,0,0
1398092813,s1-eth1,1250564.00,30562.00,1281126.00,30562,1250564,826.00,413.00,1239.00,413,826,0.00,0.00,0,0
1398092813,s1-eth2,30562.00,1250564.00,1281126.00,1250564,30562,413.00,826.00,1239.00,826,413,0.00,0.00,0,0
1398092813,s2-eth1,0.00,0.00,0.00,0,0,0.00,0.00,0.00,0,0,0.00,0.00,0,0
1398092813,s2-eth2,0.00,0.00,0.00,0,0,0.00,0.00,0.00,0,0,0.00,0.00,0,0
1398092813,s3-eth1,213474.00,6706.00,220180.00,6706,213474,141.00,89.00,230.00,89,141,0.00,0.00,0,0
1398092813,s3-eth2,6706.00,218016.00,224722.00,218016,6706,89.00,144.00,233.00,144,89,0.00,0.00,0,0
1398092813,eth0,0.00,0.00,0.00,0,0,0.00,0.00,0.00,0,0,0.00,0.00,0,0
1398092813,lo,344.00,344.00,688.00,344,344,6.00,6.00,12.00,6,6,0.00,0.00,0,0
1398092813,total,1501650.00,1506192.00,3007842.00,1506192,1501650,1475.00,1478.00,2953.00,1478,1475,0.00,0.00,0,0
1398092814,s1-eth1,1250564.00,30562.00,1281126.00,30562,1250564,826.00,413.00,1239.00,413,826,0.00,0.00,0,0
1398092814,s1-eth2,30562.00,1250564.00,1281126.00,1250564,30562,413.00,826.00,1239.00,826,413,0.00,0.00,0,0
1398092814,s2-eth1,0.00,0.00,0.00,0,0,0.00,0.00,0.00,0,0,0.00,0.00,0,0
1398092814,s2-eth2,0.00,0.00,0.00,0,0,0.00,0.00,0.00,0,0,0.00,0.00,0,0
1398092814,s3-eth1,249810.00,10176.00,259986.00,10176,249810,165.00,134.00,299.00,134,165,0.00,0.00,0,0
1398092814,s3-eth2,10176.00,260408.00,270584.00,260408,10176,134.00,172.00,306.00,172,134,0.00,0.00,0,0
1398092814,eth0,0.00,0.00,0.00,0,0,0.00,0.00,0.00,0,0,0.00,0.00,0,0
1398092814,lo,172.00,172.00,344.00,172,172,3.00,3.00,6.00,3,3,0.00,0.00,0,0
1398092814,total,1541284.00,1551882.00,3093166.00,1551882,1541284,1541.00,1548.00,3089.00,1548,1541,0.00,0.00,0,0
1398092815,s1-eth1,1250564.00,30488.00,1281052.00,30488,1250564,826.00,412.00,1238.00,412,826,0.00,0.00,0,0
1398092815,s1-eth2,30488.00,1250564.00,1281052.00,1250564,30488,412.00,826.00,1238.00,826,412,0.00,0.00,0,0
1398092815,s2-eth1,0.00,0.00,0.00,0,0,0.00,0.00,0.00,0,0,0.00,0.00,0,0
1398092815,s2-eth2,0.00,0.00,0.00,0,0,0.00,0.00,0.00,0,0,0.00,0.00,0,0
1398092815,s3-eth1,249810.00,8210.00,258020.00,8210,249810,165.00,109.00,274.00,109,165,0.00,0.00,0,0
1398092815,s3-eth2,8210.00,252838.00,261048.00,252838,8210,109.00,167.00,276.00,167,109,0.00,0.00,0,0
1398092815,eth0,0.00,0.00,0.00,0,0,0.00,0.00,0.00,0,0,0.00,0.00,0,0
1398092815,lo,0.00,0.00,0.00,0,0,0.00,0.00,0.00,0,0,0.00,0.00,0,0
1398092815,total,1539072.00,1542100.00,3081172.00,1542100,1539072,1512.00,1514.00,3026.00,1514,1512,0.00,0.00,0,0
1398092816,s1-eth1,1250564.00,30562.00,1281126.00,30562,1250564,826.00,413.00,1239.00,413,826,0.00,0.00,0,0
1398092816,s1-eth2,30562.00,1250564.00,1281126.00,1250564,30562,413.00,826.00,1239.00,826,413,0.00,0.00,0,0
1398092816,s2-eth1,0.00,0.00,0.00,0,0,0.00,0.00,0.00,0,0,0.00,0.00,0,0
1398092816,s2-eth2,0.00,0.00,0.00,0,0,0.00,0.00,0.00,0,0,0.00,0.00,0,0
1398092816,s3-eth1,249810.00,6560.00,256370.00,6560,249810,165.00,88.00,253.00,88,165,0.00,0.00,0,0
1398092816,s3-eth2,6560.00,252838.00,259398.00,252838,6560,88.00,167.00,255.00,167,88,0.00,0.00,0,0
1398092816,eth0,90.00,90.00,180.00,90,90,1.00,1.00,2.00,1,1,0.00,0.00,0,0
1398092816,lo,0.00,0.00,0.00,0,0,0.00,0.00,0.00,0,0,0.00,0.00,0,0
1398092816,total,1537586.00,1540614.00,3078200.00,1540614,1537586,1493.00,1495.00,2988.00,1495,1493,0.00,0.00,0,0
1398092817,s1-eth1,1250564.00,30562.00,1281126.00,30562,1250564,826.00,413.00,1239.00,413,826,0.00,0.00,0,0
1398092817,s1-eth2,30562.00,1250564.00,1281126.00,1250564,30562,413.00,826.00,1239.00,826,413,0.00,0.00,0,0
1398092817,s2-eth1,0.00,0.00,0.00,0,0,0.00,0.00,0.00,0,0,0.00,0.00,0,0
1398092817,s2-eth2,0.00,0.00,0.00,0,0,0.00,0.00,0.00,0,0,0.00,0.00,0,0
1398092817,s3-eth1,251324.00,7852.00,259176.00,7852,251324,166.00,104.00,270.00,104,166,0.00,0.00,0,0
1398092817,s3-eth2,7852.00,255866.00,263718.00,255866,7852,104.00,169.00,273.00,169,104,0.00,0.00,0,0
1398092817,eth0,0.00,0.00,0.00,0,0,0.00,0.00,0.00,0,0,0.00,0.00,0,0
1398092817,lo,0.00,0.00,0.00,0,0,0.00,0.00,0.00,0,0,0.00,0.00,0,0
1398092817,total,1540302.00,1544844.00,3085146.00,1544844,1540302,1509.00,1512.00,3021.00,1512,1509,0.00,0.00,0,0
1398092818,s1-eth1,1250827.25,30531.47,1281358.62,30562,1252078,826.17,412.59,1238.76,413,827,0.00,0.00,0,0
1398092818,s1-eth2,30531.47,1250827.25,1281358.62,1252078,30562,412.59,826.17,1238.76,827,413,0.00,0.00,0,0
1398092818,s2-eth1,0.00,0.00,0.00,0,0,0.00,0.00,0.00,0,0,0.00,0.00,0,0
1398092818,s2-eth2,0.00,0.00,0.00,0,0,0.00,0.00,0.00,0,0,0.00,0.00,0,0
1398092818,s3-eth1,249560.45,8915.08,258475.53,8924,249810,164.84,117.88,282.72,118,165,0.00,0.00,0,0
1398092818,s3-eth2,8915.08,258635.38,267550.47,258894,8924,117.88,170.83,288.71,171,118,0.00,0.00,0,0
1398092818,eth0,89.91,371.63,461.54,372,90,1.00,2.00,3.00,2,1,0.00,0.00,0,0
1398092818,lo,343.66,343.66,687.31,344,344,5.99,5.99,11.99,6,6,0.00,0.00,0,0
1398092818,total,1540267.75,1549624.38,3089892.25,1551174,1541808,1528.47,1535.46,3063.94,1537,1530,0.00,0.00,0,0
1398092819,s1-eth1,1250564.00,30340.00,1280904.00,30340,1250564,826.00,410.00,1236.00,410,826,0.00,0.00,0,0
1398092819,s1-eth2,30340.00,1250564.00,1280904.00,1250564,30340,410.00,826.00,1236.00,826,410,0.00,0.00,0,0
1398092819,s2-eth1,201396.00,7424.00,208820.00,7424,201396,134.00,98.00,232.00,98,134,0.00,0.00,0,0
1398092819,s2-eth2,7424.00,211994.00,219418.00,211994,7424,98.00,141.00,239.00,141,98,0.00,0.00,0,0
1398092819,s3-eth1,208932.00,7686.00,216618.00,7686,208932,138.00,101.00,239.00,101,138,0.00,0.00,0,0
1398092819,s3-eth2,7686.00,218016.00,225702.00,218016,7686,101.00,144.00,245.00,144,101,0.00,0.00,0,0
1398092819,eth0,0.00,0